823300559636660255
823300559875473448
823300559368749059
823300559767339059
823300560412606484
823300560194502657
823300657263542293
823300658282627104
823300657858871316
823300658408718376
823300657636311061
823300658136219673
823300560349429820
823300657984962620
823300658421432342
823300657858740264
823300658391678996
823300657989550100
823300560316530709
823300658207653959
823300559829860373
823300657388716063
823300560006414337
823300559754756118
823300657574051852
823300560006021120
823300658081300480
823300560353493012
823300560299229184
823300658622365706
823300560017948672
823300559816622080
823300559872065576
823300560659939398
823300658588287006
