823300441856016404
823300709775704115
823300709716983810
823300709671108620
823300604180561940
823300601819562026
823300601571704872
823300601558990888
823300601466716241
823300601440894986
823300601366183936
823300601345605682
823300601344426024
823300601298419743
823300601248874556
823300601232359494
823300601231966288
823300601210208296
823300601194610689
823300601193824286
823300601172721725
823300601143230494
823300601130647604
823300601118589008
823300601106137168
823300601051873350
823300601039028235
823300601038635018
823300601034309704
823300601026052147
823300601022382100
823300601013338134
823300601013338124
823300601001672714
823300600988041237
823300600979914792
823300600971264050
823300600946622475
823300600946360350
823300600929976340
823300600899960832
823300600888426577
823300600871387186
823300600858935337
823300600849760316
823300600849629184
823300600849498132
823300600766398535
823300600761548811
823300600749228123
823300600602296372
823300600530862101
